      T(c)    T(K)      V             P         (1/T)x1000         Ln(P)
----------------------------------------------------------------------------
1    110     383.15    46.2         5989.6        9.09091         8.69778
2    108     381.15    47.5         6158.13        9.25926         8.72553
3    106     379.15    49         6352.6        9.43396         8.75662
4    104     377.15    50.7         6573        9.61539         8.79073
5    102     375.15    52.4         6793.39        9.80392         8.82371
6    100     373.15    54.3         7039.72        10         8.85932
7    98     371.15    56.4         7311.97        10.2041         8.89727
8    96     369.15    58.6         7597.19        10.4167         8.93553
9    94     367.15    60.8         7882.41        10.6383         8.97239
10    92     365.15    63.2         8193.56        10.8696         9.0111
11    90     363.15    65.8         8530.64        11.1111         9.05142
12    88     361.15    68.6         8893.64        11.3636         9.09309
13    86     359.15    71.5         9269.61        11.6279         9.1345
14    84     357.15    74.6         9671.51        11.9048         9.17694
15    82     355.15    77.9         10099.3        12.1951         9.22023
16    80     353.15    81         10501.2        12.5         9.25925
17    78     351.15    84.9         11006.9        12.8205         9.30627
18    76     349.15    88.6         11486.5        13.1579         9.34893
19    74     347.15    92.5         11992.2        13.5135         9.39201
20    72     345.15    96.6         12523.7        13.8889         9.43538
21    70     343.15    100.4         13016.4        14.2857         9.47396
22    68     341.15    104.6         13560.9        14.7059         9.51494
23    66     339.15    108.8         14105.4        15.1515         9.55431
24    64     337.15    113         14649.9        15.625         9.59219
25    62     335.15    117.3         15207.3        16.129         9.62953
26    60     333.15    121.4         15738.9        16.6667         9.66389
27    58     331.15    125.2         16231.5        17.2414         9.69471
28    56     329.15    128.7         16685.3        17.8571         9.72228
29    54     327.15    132.1         17126.1        18.5185         9.74836
30    52     325.15    134.8         17476.1        19.2308         9.76859
31    50     323.15    137.6         17839.1        20         9.78915
32    48     321.15    140         18150.3        20.8333         9.80644
33    46     319.15    142.4         18461.4        21.7391         9.82344
34    44     317.15    143.1         18552.2        22.7273         9.82834
35    42     315.15    145.9         18915.2        23.8095         9.84772
36    40     313.15    146         18928.2        25                9.84841
37    38     311.15    150         19446.7        26.3158         9.87543
49  0  0         0        8.43027e-15        inf         9.87543
50  0  0         0        4.55912e-41        inf         9.87543
